
UI Cells =
--------

cell # 0 : [[247, 112, 747, 411], [0, 0]]

cell # 1 : [[248, 420, 262. 439], [0, 0]]
cell # 2 : [[265, 420, 279, 439], [0, 0]]
cell # 3 : [[282, 420, 296, 439], [0, 0]]
cell # 4 : [[299, 420, 313, 439], [0, 0]]
cell # 5 : [[316, 420, 330, 439], [0, 0]]
cell # 6 : [[333, 420, 347, 439], [0, 0]]
cell # 7 : [[350, 420, 364, 439], [0, 0]]
cell # 8 : [[367, 420, 381, 439], [0, 0]]
cell # 9 : [[384, 420, 398, 439], [0, 0]]
cell # 10 : [[401, 420, 415, 439], [0, 0]]
cell # 11 : [[418, 420, 432, 439], [0, 0]]
cell # 12 : [[435, 420, 449, 439], [0, 0]]
cell # 13 : [[452, 420, 466, 439], [0, 0]]
cell # 14 : [[469, 420, 483, 439], [0, 0]]
cell # 15 : [[486, 420, 500, 439], [0, 0]]
cell # 16 : [[503, 420, 517, 439], [0, 0]]
cell # 17 : [[520, 420, 534, 439], [0, 0]]
cell # 18 : [[537, 420, 551, 439], [0, 0]]
cell # 19 : [[554, 420, 568, 439], [0, 0]]
cell # 20 : [[571, 420, 585, 439], [0, 0]]
cell # 21 : [[588, 420, 602, 439], [0, 0]]
cell # 22 : [[605, 420, 619, 439], [0, 0]]
cell # 23 : [[622, 420, 636, 439], [0, 0]]
cell # 24 : [[639, 420, 653, 439], [0, 0]]

cell # 25 : [[248, 442, 262, 461], [0, 0]]
cell # 26 : [[265, 442, 279, 461], [0, 0]]
cell # 27 : [[282, 442, 296, 461], [0, 0]]
cell # 28 : [[299, 442, 313, 461], [0, 0]]
cell # 29 : [[316, 442, 330, 461], [0, 0]]
cell # 30 : [[333, 442, 347, 461], [0, 0]]
cell # 31 : [[350, 442, 364, 461], [0, 0]]
cell # 32 : [[367, 442, 381, 461], [0, 0]]
cell # 33 : [[384, 442, 398, 461], [0, 0]]
cell # 34 : [[401, 442, 415, 461], [0, 0]]
cell # 35 : [[418, 442, 432, 461], [0, 0]]
cell # 36 : [[435, 442, 449, 461], [0, 0]]
cell # 37 : [[452, 442, 466, 461], [0, 0]]
cell # 38 : [[469, 442, 483, 461], [0, 0]]
cell # 39 : [[486, 442, 500, 461], [0, 0]]
cell # 40 : [[503, 442, 517, 461], [0, 0]]
cell # 41 : [[520, 442, 534, 461], [0, 0]]
cell # 42 : [[537, 442, 551, 461], [0, 0]]
cell # 43 : [[554, 442, 568, 461], [0, 0]]
cell # 44 : [[571, 442, 585, 461], [0, 0]]
cell # 45 : [[588, 442, 602, 461], [0, 0]]
cell # 46 : [[605, 442, 619, 461], [0, 0]]
cell # 47 : [[622, 442, 636, 461], [0, 0]]
cell # 48 : [[639, 442, 653, 461], [0, 0]]

cell # 49 : [[248, 464, 262, 483], [0, 0]]
cell # 50 : [[265, 464, 279, 483], [0, 0]]
cell # 51 : [[282, 464, 296, 483], [0, 0]]
cell # 52 : [[299, 464, 313, 483], [0, 0]]
cell # 53 : [[316, 464, 330, 483], [0, 0]]
cell # 54 : [[333, 464, 347, 483], [0, 0]]
cell # 55 : [[350, 464, 364, 483], [0, 0]]
cell # 56 : [[367, 464, 381, 483], [0, 0]]
cell # 57 : [[384, 464, 398, 483], [0, 0]]
cell # 58 : [[401, 464, 415, 483], [0, 0]]
cell # 59 : [[418, 464, 432, 483], [0, 0]]
cell # 60 : [[435, 464, 449, 483], [0, 0]]
cell # 61 : [[452, 464, 466, 483], [0, 0]]
cell # 62 : [[469, 464, 483, 483], [0, 0]]
cell # 63 : [[486, 464, 500, 483], [0, 0]]
cell # 64 : [[503, 464, 517, 483], [0, 0]]
cell # 65 : [[520, 464, 534, 483], [0, 0]]
cell # 66 : [[537, 464, 551, 483], [0, 0]]
cell # 67 : [[554, 464, 568, 483], [0, 0]]
cell # 68 : [[571, 464, 585, 483], [0, 0]]
cell # 69 : [[588, 464, 602, 483], [0, 0]]
cell # 70 : [[605, 464, 619, 483], [0, 0]]
cell # 71 : [[622, 464, 636, 483], [0, 0]]
cell # 72 : [[639, 464, 653, 483], [0, 0]]

cell # 73 : [[58, 121, 146, 151], [0, 0]]
cell # 74 : [[58, 156, 146, 186], [0, 0]]
cell # 75 : [[58, 226, 146, 221], [0, 0]]
cell # 76 : [[58, 261, 146, 256], [0, 0]]
cell # 77 : [[58, 296, 146, 291], [0, 0]]
cell # 78 : [[58, 331, 146, 326], [0, 0]]
cell # 79 : [[58, 366, 146, 361], [0, 0]]
cell # 80 : [[151, 121, 239, 151], [0, 0]]
cell # 81 : [[151, 156, 239, 186], [0, 0]]
cell # 82 : [[151, 226, 239, 221], [0, 0]]
cell # 83 : [[151, 261, 239, 256], [0, 0]]
cell # 84 : [[151, 296, 239, 291], [0, 0]]
cell # 85 : [[151, 331, 239, 326], [0, 0]]
cell # 86 : [[151, 366, 239, 361], [0, 0]]

cell # 87 : [[66, 384, 96, 414], [0, 0]]
cell # 88 : [[99, 384, 129, 414], [0, 0]]
cell # 89 : [[132, 384, 162, 414], [0, 0]]
cell # 90 : [[165, 384, 195, 414], [0, 0]]
cell # 91 : [[198, 384, 228, 414], [0, 0]]
cell # 92 : [[66, 417, 96, 447], [0, 0]]
cell # 93 : [[99, 417, 129, 447], [0, 0]]
cell # 94 : [[132, 417, 162, 447], [0, 0]]
cell # 95 : [[165, 417, 195, 447], [0, 0]]
cell # 96 : [[198, 417, 228, 447], [0, 0]]
cell # 97 : [[66, 450, 96, 480], [0, 0]]
cell # 98 : [[99, 450, 129, 480], [0, 0]]
cell # 99 : [[132, 450, 162, 480], [0, 0]]
cell # 100 : [[165, 450, 195, 480], [0, 0]]
cell # 101 : [[198, 450, 228, 480], [0, 0]]

cell # 102 : [[764, 373, 819, 428], [0, 0]]
cell # 103 : [[823, 373, 878, 428], [0, 0]]
cell # 104 : [[882, 373, 937, 428], [0, 0]]
cell # 105 : [[764, 433, 819, 488], [0, 0]]
cell # 106 : [[823, 433, 878, 488], [0, 0]]
cell # 107 : [[882, 433, 937, 488], [0, 0]]

cell # 108 : [[755, 115, 947, 307], [0, 0]]
cell # 109 : [[755, 312, 947, 365], [0, 0]]
cell # 110 : [[764, 373, 750, 485], [0, 0]]

cell # 111 : [[0, 0, 999, 105], [0, 0]]
cell # 112 : [[0, 106, 47, 493], [0, 0]]
cell # 113 : [[952, 106, 999, 493], [0, 0]]
cell # 114 : [[0, 494, 999, 599], [0, 0]]




[[[247, 112, 747, 411], [0, 0]], [[248, 420, 262. 439], [0, 0]], [[265, 420, 279, 439], [0, 0]],
[[282, 420, 296, 439], [0, 0]], [[299, 420, 313, 439], [0, 0]], [[316, 420, 330, 439], [0, 0]],
[[333, 420, 347, 439], [0, 0]], [[350, 420, 364, 439], [0, 0]], [[367, 420, 381, 439], [0, 0]],
[[384, 420, 398, 439], [0, 0]], [[401, 420, 415, 439], [0, 0]], [[418, 420, 432, 439], [0, 0]],
[[435, 420, 449, 439], [0, 0]], [[452, 420, 466, 439], [0, 0]], [[469, 420, 483, 439], [0, 0]],
[[486, 420, 500, 439], [0, 0]], [[503, 420, 517, 439], [0, 0]], [[520, 420, 534, 439], [0, 0]],
[[537, 420, 551, 439], [0, 0]], [[554, 420, 568, 439], [0, 0]], [[571, 420, 585, 439], [0, 0]],
[[588, 420, 602, 439], [0, 0]], [[605, 420, 619, 439], [0, 0]], [[622, 420, 636, 439], [0, 0]],
[[639, 420, 653, 439], [0, 0]], [[248, 442, 262, 461], [0, 0]], [[265, 442, 279, 461], [0, 0]],
[[282, 442, 296, 461], [0, 0]], [[299, 442, 313, 461], [0, 0]], [[316, 442, 330, 461], [0, 0]],
[[333, 442, 347, 461], [0, 0]], [[350, 442, 364, 461], [0, 0]], [[367, 442, 381, 461], [0, 0]],
[[384, 442, 398, 461], [0, 0]], [[401, 442, 415, 461], [0, 0]], [[418, 442, 432, 461], [0, 0]],
[[435, 442, 449, 461], [0, 0]], [[452, 442, 466, 461], [0, 0]], [[469, 442, 483, 461], [0, 0]],
[[486, 442, 500, 461], [0, 0]], [[503, 442, 517, 461], [0, 0]], [[520, 442, 534, 461], [0, 0]],
[[537, 442, 551, 461], [0, 0]], [[554, 442, 568, 461], [0, 0]], [[571, 442, 585, 461], [0, 0]],
[[588, 442, 602, 461], [0, 0]], [[605, 442, 619, 461], [0, 0]], [[622, 442, 636, 461], [0, 0]],
[[639, 442, 653, 461], [0, 0]], [[248, 464, 262, 483], [0, 0]], [[265, 464, 279, 483], [0, 0]],
[[282, 464, 296, 483], [0, 0]], [[299, 464, 313, 483], [0, 0]], [[316, 464, 330, 483], [0, 0]],
[[333, 464, 347, 483], [0, 0]], [[350, 464, 364, 483], [0, 0]], [[367, 464, 381, 483], [0, 0]],
[[384, 464, 398, 483], [0, 0]], [[401, 464, 415, 483], [0, 0]], [[418, 464, 432, 483], [0, 0]],
[[435, 464, 449, 483], [0, 0]], [[452, 464, 466, 483], [0, 0]], [[469, 464, 483, 483], [0, 0]],
[[486, 464, 500, 483], [0, 0]], [[503, 464, 517, 483], [0, 0]], [[520, 464, 534, 483], [0, 0]],
[[537, 464, 551, 483], [0, 0]], [[554, 464, 568, 483], [0, 0]], [[571, 464, 585, 483], [0, 0]],
[[588, 464, 602, 483], [0, 0]], [[605, 464, 619, 483], [0, 0]], [[622, 464, 636, 483], [0, 0]],
[[639, 464, 653, 483], [0, 0]], [[58,  121, 146, 151], [0, 0]], [[58,  156, 146, 186], [0, 0]],
[[58,  226, 146, 221], [0, 0]], [[58,  261, 146, 256], [0, 0]], [[58,  296, 146, 291], [0, 0]],
[[58,  331, 146, 326], [0, 0]], [[58,  366, 146, 361], [0, 0]], [[151, 121, 239, 151], [0, 0]],
[[151, 156, 239, 186], [0, 0]], [[151, 226, 239, 221], [0, 0]], [[151, 261, 239, 256], [0, 0]],
[[151, 296, 239, 291], [0, 0]], [[151, 331, 239, 326], [0, 0]], [[151, 366, 239, 361], [0, 0]],
[[66,  384, 96,  414], [0, 0]], [[99,  384, 129, 414], [0, 0]], [[132, 384, 162, 414], [0, 0]],
[[165, 384, 195, 414], [0, 0]], [[198, 384, 228, 414], [0, 0]], [[66,  417, 96,  447], [0, 0]],
[[99,  417, 129, 447], [0, 0]], [[132, 417, 162, 447], [0, 0]], [[165, 417, 195, 447], [0, 0]],
[[198, 417, 228, 447], [0, 0]], [[66,  450, 96,  480], [0, 0]], [[99,  450, 129, 480], [0, 0]],
[[132, 450, 162, 480], [0, 0]], [[165, 450, 195, 480], [0, 0]], [[198, 450, 228, 480], [0, 0]],
[[764, 373, 819, 428], [0, 0]], [[823, 373, 878, 428], [0, 0]], [[882, 373, 937, 428], [0, 0]],
[[764, 433, 819, 488], [0, 0]], [[823, 433, 878, 488], [0, 0]], [[882, 433, 937, 488], [0, 0]],
[[755, 115, 947, 307], [0, 0]], [[755, 312, 947, 365], [0, 0]], [[764, 373, 750, 485], [0, 0]],
[[0,   0,   999, 105], [0, 0]], [[0,   106, 47,  493], [0, 0]], [[952, 106, 999, 493], [0, 0]],
[[0,   494, 999, 599], [0, 0]]]


